 % This file contains:
 % Time,Drops number, Mean Volume, Equivalent Radius, Mean Volume(Small drops),Reqm(Small Drops)
0.00000000E+00        256        256   0.11346259E+00   0.36381438E+00   0.11346259E+00   0.36381438E+00
0.50000000E-01        256        256   0.11244375E+00   0.36272204E+00   0.11244375E+00   0.36272204E+00
0.10000000E+00        240        240   0.11898231E+00   0.36761431E+00   0.11898231E+00   0.36761431E+00
0.15000000E+00        199        199   0.14249681E+00   0.38448911E+00   0.14249681E+00   0.38448911E+00
0.20000000E+00        158        158   0.17829732E+00   0.40695025E+00   0.17829732E+00   0.40695025E+00
0.25000000E+00        128        128   0.21888397E+00   0.43081015E+00   0.21888397E+00   0.43081015E+00
0.30000000E+00        102        102   0.27309868E+00   0.45214774E+00   0.27309868E+00   0.45214774E+00
0.35000000E+00         87         87   0.31846231E+00   0.47047338E+00   0.31846231E+00   0.47047338E+00
0.40000000E+00         73         73   0.37770109E+00   0.47873433E+00   0.37770109E+00   0.47873433E+00
0.45000000E+00         63         63   0.43552462E+00   0.48698756E+00   0.43552462E+00   0.48698756E+00
0.50000000E+00         61         61   0.44766236E+00   0.48290300E+00   0.44766236E+00   0.48290300E+00
0.55000000E+00         56         55   0.48544947E+00   0.46473084E+00   0.42123997E+00   0.45146016E+00
0.60000000E+00         48         46   0.56406432E+00   0.47483588E+00   0.40853873E+00   0.44301256E+00
0.65000000E+00         51         49   0.52884256E+00   0.43709383E+00   0.34053778E+00   0.40205924E+00
0.70000000E+00         49         47   0.54835238E+00   0.44445217E+00   0.36489668E+00   0.40934241E+00
0.75000000E+00         49         47   0.54637380E+00   0.43659017E+00   0.37511634E+00   0.40213386E+00
0.80000000E+00         44         42   0.60634234E+00   0.44412003E+00   0.40381871E+00   0.40465644E+00
0.85000000E+00         46         44   0.57801156E+00   0.40509898E+00   0.37230834E+00   0.36479910E+00
0.90000000E+00         41         39   0.64648740E+00   0.43238037E+00   0.33791708E+00   0.38209053E+00
0.95000000E+00         43         40   0.61472422E+00   0.42377953E+00   0.24630662E+00   0.35633576E+00
0.10000000E+01         42         40   0.62762393E+00   0.43564226E+00   0.31271497E+00   0.38580118E+00
0.10500000E+01         46         44   0.57133721E+00   0.43186162E+00   0.33211407E+00   0.39040168E+00
0.11000000E+01         47         45   0.55772100E+00   0.41921067E+00   0.33919867E+00   0.37904706E+00
0.11500000E+01         50         48   0.52272912E+00   0.44041541E+00   0.36054896E+00   0.40739761E+00
0.12000000E+01         50         49   0.52135134E+00   0.39655155E+00   0.42379851E+00   0.37790218E+00
0.12500000E+01         48         47   0.54180852E+00   0.41535011E+00   0.44063784E+00   0.39631520E+00
0.13000000E+01         48         47   0.54060097E+00   0.41772987E+00   0.39903731E+00   0.39575102E+00
0.13500000E+01         48         47   0.53931100E+00   0.42282225E+00   0.42105903E+00   0.40260785E+00
0.14000000E+01         50         49   0.51654932E+00   0.39905772E+00   0.39791749E+00   0.37883192E+00
0.14500000E+01         51         50   0.50516942E+00   0.39216468E+00   0.37180224E+00   0.37102094E+00
0.15000000E+01         50         49   0.51419277E+00   0.41076166E+00   0.37855547E+00   0.38958396E+00
0.15500000E+01         58         57   0.44222406E+00   0.38604014E+00   0.34479850E+00   0.36886145E+00
0.16000000E+01         60         59   0.42652291E+00   0.37230838E+00   0.33235609E+00   0.35549617E+00
0.16500000E+01         61         60   0.41858938E+00   0.36355082E+00   0.32626678E+00   0.34690383E+00
0.17000000E+01         58         56   0.43929735E+00   0.34856084E+00   0.25608269E+00   0.31345917E+00
0.17500000E+01         62         61   0.41013968E+00   0.33625696E+00   0.33285933E+00   0.32052993E+00
0.18000000E+01         57         55   0.44529210E+00   0.33967364E+00   0.27928730E+00   0.30533005E+00
0.18500000E+01         52         51   0.48727392E+00   0.37311068E+00   0.40349814E+00   0.35563960E+00
0.19000000E+01         54         53   0.46832314E+00   0.36255848E+00   0.38748487E+00   0.34555943E+00
0.19500000E+01         52         51   0.48548673E+00   0.35639421E+00   0.39119066E+00   0.33769986E+00
0.20000000E+01         52         50   0.48467396E+00   0.35561410E+00   0.30476052E+00   0.31851063E+00
0.20500000E+01         52         50   0.48385022E+00   0.35572622E+00   0.30422507E+00   0.31865469E+00
0.21000000E+01         46         44   0.54593047E+00   0.38097634E+00   0.31277862E+00   0.33742696E+00
0.21500000E+01         46         44   0.54510782E+00   0.38251113E+00   0.31135696E+00   0.33899327E+00
0.22000000E+01         47         46   0.53245651E+00   0.40211840E+00   0.40738826E+00   0.38071011E+00
0.22500000E+01         47         46   0.53156721E+00   0.37520826E+00   0.38976533E+00   0.35203262E+00
0.23000000E+01         47         46   0.53068311E+00   0.37937999E+00   0.38830115E+00   0.35625689E+00
0.23500000E+01         48         47   0.51873155E+00   0.38243181E+00   0.37684530E+00   0.35971154E+00
0.24000000E+01         47         46   0.52894431E+00   0.36170927E+00   0.36485889E+00   0.33679423E+00
0.24500000E+01         48         46   0.51705960E+00   0.35730431E+00   0.26821836E+00   0.31333064E+00
0.25000000E+01         48         46   0.51624831E+00   0.35922466E+00   0.26886819E+00   0.31543297E+00
0.25500000E+01         44         43   0.56219335E+00   0.38666741E+00   0.39769446E+00   0.36124505E+00
0.26000000E+01         49         48   0.50403735E+00   0.38362821E+00   0.39775039E+00   0.36380831E+00
0.26500000E+01         52         51   0.47422285E+00   0.36341796E+00   0.37350683E+00   0.34435999E+00
0.27000000E+01         52         51   0.47338312E+00   0.35058536E+00   0.37266115E+00   0.33127661E+00
0.27500000E+01         49         48   0.50135577E+00   0.35023894E+00   0.38157604E+00   0.32869528E+00
0.28000000E+01         51         49   0.48091740E+00   0.32350433E+00   0.26350453E+00   0.28160836E+00
0.28500000E+01         50         48   0.48971722E+00   0.33968489E+00   0.26879421E+00   0.29764068E+00
0.29000000E+01         54         52   0.45270351E+00   0.32540305E+00   0.28710038E+00   0.28930468E+00
0.29500000E+01         59         58   0.41365021E+00   0.31245021E+00   0.33734401E+00   0.29592106E+00
0.30000000E+01         61         60   0.39945464E+00   0.27984518E+00   0.26503316E+00   0.25898325E+00
0.30500000E+01         60         59   0.40552806E+00   0.28348128E+00   0.26864663E+00   0.26231024E+00
0.31000000E+01         70         69   0.34714902E+00   0.23749291E+00   0.20167951E+00   0.21717320E+00
0.31500000E+01         70         69   0.34674979E+00   0.23664551E+00   0.20137423E+00   0.21631876E+00
0.32000000E+01         63         62   0.38474635E+00   0.26225330E+00   0.22424785E+00   0.24008035E+00
0.32500000E+01         63         62   0.38432623E+00   0.26298537E+00   0.22399977E+00   0.24083368E+00
0.33000000E+01         58         57   0.41689490E+00   0.27136226E+00   0.24172119E+00   0.24734299E+00
0.33500000E+01         59         58   0.40918061E+00   0.26187006E+00   0.23634286E+00   0.23807232E+00
0.34000000E+01         63         62   0.38261772E+00   0.24374331E+00   0.21846085E+00   0.22108186E+00
0.34500000E+01         61         60   0.39458511E+00   0.24102351E+00   0.20716077E+00   0.21665507E+00
0.35000000E+01         63         61   0.38149736E+00   0.23073590E+00   0.12530544E+00   0.18910613E+00
0.35500000E+01         59         57   0.40667368E+00   0.23915318E+00   0.12030731E+00   0.19539663E+00
0.36000000E+01         64         62   0.37435558E+00   0.21885040E+00   0.74023623E-01   0.17579901E+00
0.36500000E+01         59         57   0.40557251E+00   0.22410599E+00   0.68481424E-01   0.17529563E+00
0.37000000E+01         61         59   0.39177139E+00   0.22063583E+00   0.65738072E-01   0.17441056E+00
0.37500000E+01         62         60   0.38490157E+00   0.22451839E+00   0.92882710E-01   0.18148566E+00
0.38000000E+01         66         64   0.36095078E+00   0.21889234E+00   0.10738008E+00   0.17852279E+00
0.38500000E+01         75         73   0.31706823E+00   0.21029504E+00   0.94853809E-01   0.17473520E+00
0.39000000E+01         77         75   0.30835924E+00   0.21572998E+00   0.11072169E+00   0.18224720E+00
0.39500000E+01         74         72   0.32047144E+00   0.21486358E+00   0.11973896E+00   0.18034472E+00
0.40000000E+01         76         75   0.31153726E+00   0.20062081E+00   0.11946761E+00   0.17874080E+00
0.40500000E+01         78         76   0.30308778E+00   0.18726532E+00   0.58975322E-01   0.15164826E+00
0.41000000E+01         83         82   0.28439150E+00   0.19666803E+00   0.13563105E+00   0.17780695E+00
0.41500000E+01         87         85   0.27096048E+00   0.17724732E+00   0.45124622E-01   0.14495674E+00
0.42000000E+01         88         86   0.26751974E+00   0.18405570E+00   0.50861717E-01   0.15257424E+00
0.42500000E+01         87         85   0.27022491E+00   0.17853142E+00   0.26314232E-01   0.14478420E+00
0.43000000E+01         93         92   0.25250338E+00   0.17497674E+00   0.71434081E-01   0.15591194E+00
0.43500000E+01         94         93   0.24945727E+00   0.17436738E+00   0.63640797E-01   0.15525078E+00
0.44000000E+01         91         90   0.25730862E+00   0.17955174E+00   0.88827545E-01   0.16076316E+00
0.44500000E+01         90         88   0.25980330E+00   0.18976798E+00   0.53429095E-01   0.15949747E+00
0.45000000E+01         90         88   0.25944564E+00   0.18722242E+00   0.53667917E-01   0.15695903E+00
0.45500000E+01         96         94   0.24289730E+00   0.18038656E+00   0.45279390E-01   0.15172961E+00
0.46000000E+01         93         91   0.25038124E+00   0.18394474E+00   0.49470765E-01   0.15456947E+00
0.46500000E+01         96         94   0.24222198E+00   0.18086749E+00   0.46953879E-01   0.15230943E+00
0.47000000E+01         98         96   0.23693598E+00   0.17907456E+00   0.45892850E-01   0.15108257E+00
0.47500000E+01         93         91   0.24937092E+00   0.18313780E+00   0.51880039E-01   0.15385934E+00
0.48000000E+01         94         92   0.24647966E+00   0.18945807E+00   0.49551449E-01   0.16058166E+00
0.48500000E+01         92         90   0.25153261E+00   0.18376670E+00   0.49303894E-01   0.15408113E+00
0.49000000E+01         90         88   0.25685535E+00   0.18644668E+00   0.50423751E-01   0.15616090E+00
0.49500000E+01         84         82   0.27497052E+00   0.19495159E+00   0.74554662E-01   0.16354145E+00
0.50000000E+01         91         89   0.25359313E+00   0.18200240E+00   0.39542256E-01   0.15111516E+00
0.50500000E+01         91         89   0.25335766E+00   0.17822921E+00   0.36411518E-01   0.14756189E+00
0.51000000E+01         89         87   0.25880249E+00   0.18299424E+00   0.40002567E-01   0.15185479E+00
0.51500000E+01         86         84   0.26757004E+00   0.19514718E+00   0.42903576E-01   0.16329506E+00
0.52000000E+01         91         90   0.25262353E+00   0.19945153E+00   0.87491513E-01   0.18102249E+00
0.52500000E+01         88         87   0.26106258E+00   0.20412030E+00   0.90224613E-01   0.18510498E+00
0.53000000E+01         90         89   0.25502013E+00   0.20271817E+00   0.88482313E-01   0.18413611E+00
0.53500000E+01        101        100   0.22707571E+00   0.19443475E+00   0.79190191E-01   0.17783905E+00
0.54000000E+01        103        102   0.22249964E+00   0.19836854E+00   0.10112868E+00   0.18316797E+00
0.54500000E+01         98         97   0.23368622E+00   0.20652488E+00   0.10623234E+00   0.19062755E+00
0.55000000E+01        101        100   0.22658248E+00   0.20153771E+00   0.10809715E+00   0.18631218E+00
0.55500000E+01        102        101   0.22419422E+00   0.19600388E+00   0.80939885E-01   0.17972051E+00
0.56000000E+01         98         96   0.23324089E+00   0.19135450E+00   0.63854925E-01   0.16462048E+00
0.56500000E+01         96         95   0.23792149E+00   0.18296126E+00   0.65593597E-01   0.16470407E+00
0.57000000E+01         98         97   0.23278367E+00   0.18975860E+00   0.81135668E-01   0.17263245E+00
0.57500000E+01         97         96   0.23501509E+00   0.18683419E+00   0.80472555E-01   0.16944408E+00
0.58000000E+01         96         95   0.23728306E+00   0.18923779E+00   0.82129345E-01   0.17173073E+00
0.58500000E+01         94         93   0.24225867E+00   0.19489219E+00   0.86006554E-01   0.17715991E+00
0.59000000E+01         88         87   0.25868198E+00   0.20212805E+00   0.92672781E-01   0.18329063E+00
0.59500000E+01         88         87   0.25847637E+00   0.19758907E+00   0.93212968E-01   0.17873075E+00
0.60000000E+01         87         85   0.26119075E+00   0.20615762E+00   0.87214440E-01   0.17616348E+00
0.60500000E+01         87         85   0.26093486E+00   0.20753630E+00   0.65748046E-01   0.17634074E+00
0.61000000E+01         90         88   0.25201923E+00   0.19151212E+00   0.37110415E-01   0.15942996E+00
0.61500000E+01         94         92   0.24111024E+00   0.18860222E+00   0.35832195E-01   0.15789595E+00
0.62000000E+01         93         91   0.24357472E+00   0.19382030E+00   0.49228406E-01   0.16361555E+00
0.62500000E+01         94         92   0.24081914E+00   0.19542596E+00   0.48658663E-01   0.16559619E+00
0.63000000E+01         91         89   0.24864298E+00   0.18965975E+00   0.35698200E-01   0.15812868E+00
0.63500000E+01         91         89   0.24846795E+00   0.18870040E+00   0.32809296E-01   0.15694266E+00
0.64000000E+01         99         97   0.22821999E+00   0.18803950E+00   0.32983505E-01   0.15893806E+00
0.64500000E+01        103        101   0.21919117E+00   0.18138295E+00   0.32133959E-01   0.15333443E+00
0.65000000E+01        107        105   0.21077960E+00   0.17744542E+00   0.29541433E-01   0.15033200E+00
0.65500000E+01        104        102   0.21671993E+00   0.17471187E+00   0.28393950E-01   0.14763264E+00
0.66000000E+01        107        105   0.21053215E+00   0.16910445E+00   0.26937513E-01   0.14201034E+00
0.66500000E+01        110        108   0.20461401E+00   0.16773317E+00   0.26443361E-01   0.14134436E+00
0.67000000E+01        113        111   0.19902017E+00   0.16221124E+00   0.25265177E-01   0.13638633E+00
0.67500000E+01        105        103   0.21407627E+00   0.16566971E+00   0.27035559E-01   0.13834592E+00
0.68000000E+01        106        104   0.21193096E+00   0.16907220E+00   0.27358890E-01   0.14214455E+00
0.68500000E+01        104        102   0.21586790E+00   0.17332276E+00   0.29961841E-01   0.14617992E+00
0.69000000E+01         98         96   0.22891975E+00   0.18274667E+00   0.31891368E-01   0.15416793E+00
0.69500000E+01         96         94   0.23357774E+00   0.18348077E+00   0.32251567E-01   0.15435062E+00
0.70000000E+01         92         91   0.24364185E+00   0.17939392E+00   0.32889532E-01   0.15916695E+00
0.70500000E+01         87         86   0.25750143E+00   0.18002462E+00   0.36380875E-01   0.15868891E+00
0.71000000E+01         89         87   0.25153149E+00   0.18891312E+00   0.32872590E-01   0.15670833E+00
0.71500000E+01         88         86   0.25420717E+00   0.18954876E+00   0.33133519E-01   0.15718176E+00
0.72000000E+01         86         84   0.25997592E+00   0.19321199E+00   0.34266931E-01   0.16039049E+00
0.72500000E+01         89         87   0.25108245E+00   0.19309516E+00   0.45452464E-01   0.16134391E+00
0.73000000E+01         89         87   0.25090940E+00   0.19813219E+00   0.49733464E-01   0.16676051E+00
0.73500000E+01         85         83   0.26261640E+00   0.20623632E+00   0.52720416E-01   0.17359085E+00
0.74000000E+01         88         86   0.25355058E+00   0.20092582E+00   0.52571906E-01   0.16940532E+00
0.74500000E+01         82         80   0.27199115E+00   0.20125202E+00   0.55168174E-01   0.16729941E+00
0.75000000E+01         85         83   0.26231090E+00   0.19540088E+00   0.47592677E-01   0.16220705E+00
0.75500000E+01         86         84   0.25916714E+00   0.19235402E+00   0.51300891E-01   0.15974239E+00
0.76000000E+01         86         84   0.25909057E+00   0.19127999E+00   0.56885047E-01   0.15899029E+00
0.76500000E+01         84         82   0.26514546E+00   0.19553291E+00   0.58724943E-01   0.16259534E+00
0.77000000E+01         84         82   0.26508099E+00   0.19331017E+00   0.57740451E-01   0.16026588E+00
0.77500000E+01         84         82   0.26496474E+00   0.18986329E+00   0.46931383E-01   0.15608712E+00
0.78000000E+01         89         87   0.24997933E+00   0.18084271E+00   0.41471374E-01   0.14865408E+00
0.78500000E+01         88         86   0.25277783E+00   0.18812821E+00   0.47648935E-01   0.15606186E+00
0.79000000E+01         85         83   0.26162268E+00   0.18980005E+00   0.49098297E-01   0.15660390E+00
0.79500000E+01         80         78   0.27790462E+00   0.19237953E+00   0.51976796E-01   0.15711035E+00
0.80000000E+01         81         79   0.27437393E+00   0.19713468E+00   0.55292610E-01   0.16266178E+00
0.80500000E+01         79         77   0.28125128E+00   0.19785434E+00   0.56359731E-01   0.16248779E+00
0.81000000E+01         78         76   0.28474550E+00   0.19004166E+00   0.50335889E-01   0.15363302E+00
0.81500000E+01         84         82   0.26431501E+00   0.18639135E+00   0.47059765E-01   0.15258535E+00
0.82000000E+01         89         87   0.24941962E+00   0.18557108E+00   0.44735116E-01   0.15371421E+00
0.82500000E+01         89         87   0.24928645E+00   0.18337807E+00   0.43294750E-01   0.15139937E+00
0.83000000E+01         93         91   0.23841664E+00   0.17446720E+00   0.41324212E-01   0.14370305E+00
0.83500000E+01         85         83   0.26074128E+00   0.18132978E+00   0.41253729E-01   0.14755387E+00
0.84000000E+01         87         85   0.25461826E+00   0.18467443E+00   0.42110578E-01   0.15187751E+00
0.84500000E+01         89         87   0.24878982E+00   0.18625335E+00   0.41145762E-01   0.15425270E+00
0.85000000E+01         87         85   0.25437905E+00   0.19562041E+00   0.44542927E-01   0.16322645E+00
0.85500000E+01         90         88   0.24588069E+00   0.19216026E+00   0.43246945E-01   0.16080666E+00
0.86000000E+01         91         89   0.24306306E+00   0.18625098E+00   0.41908912E-01   0.15507467E+00
0.86500000E+01         89         87   0.24848856E+00   0.19004498E+00   0.42625180E-01   0.15822782E+00
0.87000000E+01         91         89   0.24302847E+00   0.18743215E+00   0.41827638E-01   0.15628109E+00
0.87500000E+01         91         89   0.24297835E+00   0.18795004E+00   0.41696970E-01   0.15680641E+00
0.88000000E+01         88         86   0.25119025E+00   0.19293045E+00   0.43011178E-01   0.16081310E+00
0.88500000E+01         87         86   0.25407063E+00   0.18933441E+00   0.52771067E-01   0.16882055E+00
0.89000000E+01         88         87   0.25108845E+00   0.18415546E+00   0.50896314E-01   0.16377450E+00
0.89500000E+01         93         92   0.23756597E+00   0.18045002E+00   0.49464595E-01   0.16118670E+00
0.90000000E+01         89         88   0.24818462E+00   0.18487451E+00   0.50465776E-01   0.16474188E+00
0.90500000E+01         86         85   0.25676048E+00   0.18800033E+00   0.51639563E-01   0.16717453E+00
0.91000000E+01         84         83   0.26284885E+00   0.18977061E+00   0.51523645E-01   0.16841516E+00
0.91500000E+01         84         83   0.26277731E+00   0.18920233E+00   0.51156125E-01   0.16782920E+00
0.92000000E+01         86         85   0.25664111E+00   0.18746570E+00   0.49541405E-01   0.16656089E+00
0.92500000E+01         82         81   0.26910652E+00   0.19262986E+00   0.54455139E-01   0.17084927E+00
0.93000000E+01         79         78   0.27924961E+00   0.19638446E+00   0.61072919E-01   0.17398541E+00
0.93500000E+01         79         78   0.27916926E+00   0.19536568E+00   0.62642380E-01   0.17301556E+00
0.94000000E+01         76         75   0.29004804E+00   0.20411154E+00   0.70034580E-01   0.18117473E+00
0.94500000E+01         78         77   0.28246355E+00   0.20498957E+00   0.71617694E-01   0.18279635E+00
0.95000000E+01         85         84   0.25908071E+00   0.19246583E+00   0.68372131E-01   0.17208337E+00
0.95500000E+01         89         88   0.24732454E+00   0.18846368E+00   0.49091222E-01   0.16835320E+00
0.96000000E+01         89         88   0.24717516E+00   0.19039397E+00   0.77214609E-01   0.17140171E+00
0.96500000E+01         91         90   0.24165131E+00   0.19109460E+00   0.75168810E-01   0.17252249E+00
0.97000000E+01         98         97   0.22416540E+00   0.17698470E+00   0.40955524E-01   0.15850695E+00
0.97500000E+01         97         96   0.22634516E+00   0.17485160E+00   0.41284976E-01   0.15616044E+00
0.98000000E+01         93         92   0.23595853E+00   0.18397643E+00   0.81095067E-01   0.16606492E+00
0.98500000E+01         91         90   0.24100573E+00   0.18419606E+00   0.81587118E-01   0.16583976E+00
0.99000000E+01         89         88   0.24638653E+00   0.18662636E+00   0.74935864E-01   0.16753099E+00
0.99500000E+01         90         89   0.24361855E+00   0.18529272E+00   0.47773759E-01   0.16538005E+00
0.10000000E+02         91         90   0.24085735E+00   0.17664156E+00   0.48149487E-01   0.15689069E+00
0.10050000E+02         93         92   0.23563132E+00   0.18457363E+00   0.49063084E-01   0.16541295E+00
0.10100000E+02         97         96   0.22584748E+00   0.18032422E+00   0.51107869E-01   0.16207392E+00
0.10150000E+02         96         95   0.22808422E+00   0.18395398E+00   0.44480353E-01   0.16528616E+00
0.10200000E+02         91         90   0.24055035E+00   0.18636666E+00   0.48090099E-01   0.16673315E+00
0.10250000E+02         92         90   0.23787438E+00   0.18457885E+00   0.38132222E-01   0.15365726E+00
0.10300000E+02         88         86   0.24859756E+00   0.18900524E+00   0.37710535E-01   0.15663090E+00
0.10350000E+02         84         82   0.26032792E+00   0.19319335E+00   0.39501950E-01   0.15934538E+00
0.10400000E+02         85         83   0.25718173E+00   0.19917929E+00   0.49961344E-01   0.16651346E+00
0.10450000E+02         85         83   0.25706953E+00   0.20883309E+00   0.51886332E-01   0.17651916E+00
0.10500000E+02         91         89   0.23995410E+00   0.20330140E+00   0.48210419E-01   0.17304112E+00
0.10550000E+02         98         96   0.22268957E+00   0.19768031E+00   0.46880888E-01   0.16964838E+00
0.10600000E+02         95         93   0.22952052E+00   0.20100794E+00   0.48499013E-01   0.17216251E+00
0.10650000E+02         99         97   0.22017607E+00   0.19413248E+00   0.46512509E-01   0.16633993E+00
0.10700000E+02         99         97   0.22009742E+00   0.19389755E+00   0.46381907E-01   0.16609710E+00
0.10750000E+02        100         98   0.21788544E+00   0.19453582E+00   0.47027652E-01   0.16709794E+00
0.10800000E+02        104        102   0.20948925E+00   0.19235522E+00   0.45242121E-01   0.16595514E+00
0.10850000E+02        104        102   0.20944616E+00   0.19211725E+00   0.48202667E-01   0.16589145E+00
0.10900000E+02        103        102   0.21138636E+00   0.18227998E+00   0.39187133E-01   0.16483885E+00
0.10950000E+02         99         98   0.21985277E+00   0.19484278E+00   0.53478669E-01   0.17729898E+00
0.11000000E+02        103        102   0.21123870E+00   0.18981950E+00   0.51510170E-01   0.17292239E+00
0.11050000E+02        102        101   0.21321106E+00   0.18803949E+00   0.47787361E-01   0.17079906E+00
0.11100000E+02        102        101   0.21310632E+00   0.18891330E+00   0.47534249E-01   0.17167592E+00
0.11150000E+02         97         96   0.22396843E+00   0.18530100E+00   0.52615116E-01   0.16723242E+00
0.11200000E+02         94         93   0.23104931E+00   0.18606637E+00   0.54823366E-01   0.16744539E+00
0.11250000E+02         92         91   0.23591124E+00   0.18477464E+00   0.54756740E-01   0.16568765E+00
0.11300000E+02         93         92   0.23323816E+00   0.18675773E+00   0.54720550E-01   0.16792649E+00
0.11350000E+02         96         95   0.22581340E+00   0.18313177E+00   0.53578082E-01   0.16488485E+00
0.11400000E+02         98         97   0.22102355E+00   0.17991376E+00   0.52747196E-01   0.16202751E+00
0.11450000E+02         95         94   0.22783367E+00   0.18332151E+00   0.54227995E-01   0.16489947E+00
0.11500000E+02         93         92   0.23258613E+00   0.18373784E+00   0.55453044E-01   0.16492737E+00
0.11550000E+02         98         97   0.22052650E+00   0.18170067E+00   0.54668373E-01   0.16392678E+00
0.11600000E+02         92         91   0.23482727E+00   0.18551603E+00   0.57609144E-01   0.16658954E+00
0.11650000E+02         97         96   0.22256432E+00   0.18599881E+00   0.54919189E-01   0.16808142E+00
0.11700000E+02         92         91   0.23447434E+00   0.19650923E+00   0.58300010E-01   0.17774435E+00
0.11750000E+02        101        100   0.21341061E+00   0.18963943E+00   0.53133516E-01   0.17250453E+00
0.11800000E+02         96         95   0.22441267E+00   0.19413788E+00   0.65305239E-01   0.17652623E+00
0.11850000E+02         91         90   0.23666318E+00   0.20072791E+00   0.67535321E-01   0.18215775E+00
0.11900000E+02         94         93   0.22896437E+00   0.19909879E+00   0.66163994E-01   0.18114876E+00
0.11950000E+02         92         91   0.23383067E+00   0.20276670E+00   0.61331011E-01   0.18421523E+00
0.12000000E+02         93         92   0.23120839E+00   0.19730202E+00   0.58158195E-01   0.17879840E+00
0.12050000E+02         97         96   0.22156313E+00   0.19134672E+00   0.38711265E-01   0.17291010E+00
0.12100000E+02         91         90   0.23607121E+00   0.19803639E+00   0.41242731E-01   0.17844692E+00
0.12150000E+02         89         88   0.24130604E+00   0.20286134E+00   0.42271363E-01   0.18288745E+00
0.12200000E+02         88         87   0.24397295E+00   0.20259297E+00   0.43470548E-01   0.18241550E+00
0.12250000E+02         89         88   0.24109413E+00   0.20991521E+00   0.60856457E-01   0.19073606E+00
0.12300000E+02         95         94   0.22565324E+00   0.20584875E+00   0.58684778E-01   0.18792661E+00
0.12350000E+02        103        102   0.20788864E+00   0.19511061E+00   0.53367734E-01   0.17847012E+00
0.12400000E+02        101        100   0.21186048E+00   0.20004621E+00   0.54866346E-01   0.18314510E+00
0.12450000E+02         99         98   0.21595918E+00   0.20292599E+00   0.61089664E-01   0.18592101E+00
0.12500000E+02        104        103   0.20539440E+00   0.19461260E+00   0.48608978E-01   0.17798224E+00
0.12550000E+02        101        100   0.21134393E+00   0.20199662E+00   0.58648121E-01   0.18528698E+00
0.12600000E+02        102        101   0.20919344E+00   0.19347151E+00   0.45867394E-01   0.17636644E+00
0.12650000E+02        102        101   0.20906054E+00   0.20128655E+00   0.62837574E-01   0.18493852E+00
0.12700000E+02        100         99   0.21307300E+00   0.19647073E+00   0.63882739E-01   0.17974158E+00
0.12750000E+02        107        106   0.19890881E+00   0.19013443E+00   0.44111901E-01   0.17384014E+00
0.12800000E+02        105        104   0.20248705E+00   0.19662100E+00   0.45279796E-01   0.18009623E+00
0.12850000E+02        112        111   0.18965702E+00   0.20084786E+00   0.56473009E-01   0.18597035E+00
0.12900000E+02        108        107   0.19647621E+00   0.19875380E+00   0.52579114E-01   0.18306469E+00
0.12950000E+02        111        110   0.19097284E+00   0.20037389E+00   0.53303980E-01   0.18522239E+00
0.13000000E+02        113        112   0.18746967E+00   0.19488714E+00   0.52412246E-01   0.17996471E+00
0.13050000E+02        110        109   0.19243535E+00   0.19606773E+00   0.52569594E-01   0.18069937E+00
0.13100000E+02        116        115   0.18236639E+00   0.19973724E+00   0.74337946E-01   0.18626557E+00
0.13150000E+02        119        118   0.17770477E+00   0.19469575E+00   0.72160238E-01   0.18151355E+00
0.13200000E+02        112        110   0.18873091E+00   0.19429535E+00   0.41121254E-01   0.17074481E+00
0.13250000E+02        106        104   0.19924859E+00   0.20210161E+00   0.55307085E-01   0.17819532E+00
0.13300000E+02        105        104   0.20107289E+00   0.18874604E+00   0.48481606E-01   0.17232587E+00
0.13350000E+02         98         97   0.21536245E+00   0.19568088E+00   0.51921377E-01   0.17814782E+00
0.13400000E+02         92         91   0.22937790E+00   0.20658729E+00   0.56338048E-01   0.18805839E+00
0.13450000E+02         92         91   0.22933010E+00   0.20082185E+00   0.56614105E-01   0.18224241E+00
0.13500000E+02         92         91   0.22928199E+00   0.19147214E+00   0.44591206E-01   0.17232690E+00
